clade_name	H14_300	H17_300	H31_300	H45_300	H86_300	H91_300	HF01_350	HF02_350	HF03_350	HF04_350	HF05_350	HF06_350	HF07_350	HF08_350	HF09_350	HF10_350	HF11_350	HF12_350	HF13_350	HF14_350	HF15_350	HF16_350	HF17_350	HF18_350	HF19_350	HF20_350	HF21_350	HF22_350	HF23_350	HF24_350	HF25_350	HF26_350	HF27_350	HF28_350	HF29_350	HF30_350	HF31_350	HF32_350	HF33_350	HF34_350	HF35_350	HF36_350	HF37_350	HF38_350	HF39_350	HF40_350	HF41_350	HF42_350	HF43_350	HF44_350	HF45_350	HF46_350	HF47_350	nH10_300	nH11_300	nH12_300	nH13_300	nH14_300	nH15_300	nH16_300	nH17_300	nH21_300	nH22_300	nH24_300	nH25_300	nH26_300	nH29_300	nH30_300	nH36_300	nH37_300	nH39_300	nH40_300	nH41_300	nH43_300	nH46_300	nH55_300	nH57_300	nH61_300	nH65_300	nH7_300	nH76_300	nH82_300	nH87_300	nH89_300	nH91_300	nH9_300	nH93_300	nH98_300
Clostridium_paraputrificum	0	0	0	0	0	0	0	0	0	0	0	0	0	0	0	0.19058	0	0	0	0	0	0	0	0.00429	0	0	0.00016	0	0	0	0	0	0	0	0	0.08204	0.8389	0	0	0	0	0	0	0	0	0	0	0	0	0	0	0	0	0	0	0	0	0	0	0	0	0	0	0	0	0	0	0	0	0	0	0	0	0	0	0	0	0	0	0	0	0	0	0	0	0	0	0
Clostridium_symbiosum	0	0	0	0	0	0	0.20704	0	0	0.0697	0.10966	0	0	0.4559	0.0243	0	0	0	0.49549	0.03952	0.08829	0.2338	0.01035	0	0	0	0	0	0.11429	0	0.00184	0.01788	0.03107	0	0.43028	0.61249	1.07484	0	0	0.04155	0	0	0	0	0	0	0	0.00012	0.01327	0	0	0.5061	0.04624	0	0	0	0	0	0	0.00159	0	0.00246	0	0	0	0	0	0	0	0	0.00135	0	0.00313	0	0	0.00416	0	0	0	0.00101	0	0	0	0	0	0.00668	0	0
Desulfovibrio_desulfuricans	0	0	0	0	0	0	0	0	0	0	0	0	0	0	0	0	0	0	0	1.32644	0	0	0	0	0	0	0	0	0	0	0	0	0	0	0	0	0	0	0	0.027213333333333336	0	0	0	0	0	0	0	0	0	0	0	0	0	0	0	0	0	0	0	0	0	0.010693333333333332	0	0	0	0	0.010193333333333334	0	0	0	0	0	0.016026666666666665	0	0	0	0	0	0	0.010493333333333334	0	0.0026999999999999997	0	0	0	0	0	0
Desulfovibrio_legallii	0	0	0	0	0	0	0	0	0	0	0	0	0	0	0	0	0.2084	0	0	0	0.10995	0	0	0	0	0	0	0	0	0	0	0.60102	0	0	0	0	0	0	0	0	0	0	0	0	0	0	0	0	0	0	0	0	0	0	0	0	0	0	0	0	0	0	0	0	0.10035	0	0	0.19345	0	0	0	0	0	0	0	0	0	0	0	0	0	0	0	0	0	0	0	0
Enterocloster_aldenensis	0	0	0	1.74627	0	0	0.00614	0	0.04673	0.01953	0.15689	0	0.17831	0.05841	0.01657	0.85696	0	0	2.87419	0.02646	0.06858	0.12861	0.05476	0	0	0	0	0	0.03365	0.8345	0	0.01583	0.01349	0.00282	0.40302	0.11978	0.27924	0.11243	0.06022	0.01957	0	0	0	0	0.06489	0	0.00681	0	0.00589	0	0	0.86598	0.30849	0.38449	0.00302	0.00462	0	0.0212	0	0.74008	0	0	0.06502	0	0	0	0	0	0.00343	0.02087	0.00399	0	0.0097	0	0.04363	0.06311	0.00235	0.00034	0.03685	0.00256	0	0.00965	0	0	0.0144	0.03495	0	0
Enterocloster_lavalensis	0	0	0	0	0	0	0	0	0	0.03126	0.34383	0	0.69436	0.04798	0	0	0	0	0	0.02536	0	0	0.00751	0	0	0	0	0	0.0172	0	0	0	0.00596	0.00187	0	0	0	0	0	0	0.01054	0.00438	0	0	0.01626	0.00574	0	0.01721	0	0	0	0.06037	0	0.02266	0	0	0	0	0	0	0	0	0.00099	0	0	0	7e-05	0	0	0	0.02325	0	0	0	0.02963	0	0.02561	0	0.00409	0.00465	0	0	0	0	0	0	0	0
Erysipelatoclostridium_ramosum	0	0	0	0	0	0	0.00254	0	0.02252	0	0.03379	0	0.42767	0	0	0.46234	0	0	0.24983	0.02419	0.02294	0.0423	0	0	0	0	0.01403	0	0	0.01802	0	0	0.00214	0	0.40774	0	0.31021	0.00336	0.22291	0	0	0	0	0	0.00121	0	0.01695	0	0	0	0	2.30615	0.11213	0	0	0	0	0	0	0	0	0	0	0	0	0	0	0	0	0	0	0	0	0	0	0	0	0	0	0	0	0	0	0	0	0	0	0
Escherichia_coli	9.17809	0.01481	0.09555	0.44169	0.32062	0.05868	0.13427	0.01843	0	0.00177	0.00631	0.06186	1.73504	0.00781	0.00115	0.0871	0.01368	0	19.81204	0.17399	0.88549	0.04932	0	0.05064	0.00221	9.70334	0.69382	0.00409	0.07339	0	0.00489	0.07828	0.00486	0	0.48699	0.04178	0.11365	0.00082	4.92101	0.01883	0.0221	6.23835	0.01117	3.79734	0	0.02793	0.03268	0.26328	0.31938	25.23867	2.28108	0	0.28925	14.80847	0.01242	1.0336	0.24825	0.00419	0.01762	0.32818	0	0.01468	0	0.06247	0.02612	0	0	0.01656	0.05281	0.04491	0.89388	0	1.9432	1.46127	6.00933	0.08481	0.01151	0.15567	0.11344	0	0.00173	0.1427	0.13883	0.06747	1.31809	0	0.04429	0.09294
Hungatella_hathewayi	0	0	0	0.038188	0	0.004732	0.057156	0	0.000772	0.001136	0.064124	0	1.269478	0.100436	0.0077020000000000005	0	0	0	0.011996	0.03185	0.195618	0.057728000000000015	0.007352	0	0	0	0	0	0.015229999999999999	0.064284	0	0	0.0054919999999999995	0	0.22570800000000002	0.012536	0.21006399999999997	0.000804	0	0.06416	0	0	0	0	0	0	0	0	0.002088	0	0	0.018279999999999998	0	0.20528400000000002	0	0	0	0	0	0.084472	0	0.000764	0.016572	0	0	0	0	0	0	0.001432	0.005018	0	0.004588	0.004152	0	0.0006119999999999999	0	0	0.000988	0	0.0008439999999999999	0	0	0	0	0	0	0
Klebsiella_pneumoniae	0.00882	0	0	0.01138	0	0	0.03513	0	1.84874	7.8792	0.01001	0.0028	0.00158	0.29417	0	0.00331	0.34902	0	0	0	0.07668	0.04771	0	0.00772	0	0	0.23114	0	3.94991	0	0	0	0.00555	0	0	0	7.77388	0.58301	0	0.31292	0	0	0	0	0	0	0	0.0027	0.03413	0.14522	0.00149	0	0.04305	0	0.31218	1.58556	0	0	0.02965	0.01069	0.00542	0.23548	0.16066	0	0	0.00357	0	0.01021	0.00539	0	0.08957	0.15119	0.16503	0.05395	0	0	0	0.01381	0.12927	0	0.00838	0.48359	0.72185	0	0	0	3.37989	0
Raoultella_ornithinolytica	0	0.00599	0	0	0	0	0	0	0	0	0	0	0	0	0	0	0	1.47419	0	0	0	0	0	0	0	0	0	0	0	0	0	0	0	0	0	0	0	0	0	0	0	0	0	0	0	0	0	0	0	0	0	0	0	0	0	0	0	0	0	0	0	0	0	0	0	0	0	0	0	0.01329	0	0	0	0.00271	0	0	0	0.05291	0	0	0	0	0	0	0	0	0	0
